street1 100 46 17 46
street2 100 293 258 293
street3 17 180 100 180
street4 17 180 17 293
street5 17 293 100 293
street6 17 46 17 180
street7 100 180 257 180
street8 100 180 100 46
street9 100 293 100 180
street10 300 46 300 180
street11 165 180 260 295
street12 257 180 325 265
street13 333 180 333 25
street14 100 25 100 46
street15 390 180 390 265
street16 333 180 390 180
street17 390 265 390 340
street18 325 265 390 265
street19 390 340 485 340
street20 333 25 100 25
street21 300 180 333 180
street22 100 46 298 46